export const data = {
    '1': [
            [0.58,0.07,0.28,0.06],
            [0.62,0.08,0.25,0.05],
            [0.43,0.2,0.24,0.13],
            [0.46,0.22,0.2,0.12],
            [0.4,0.22,0.22,0.16],
            [0.32,0.34,0.19,0.15],
    ],
    '2': [
            [0.388,0.408,0.145,0.047,0.012],
            [0.483,0.39,0.095,0.031,0],
            [0.252,0.413,0.22,0.101,0.014],
            [0.293,0.404,0.211,0.065,0.027],
            [0.26,0.398,0.254,0.067,0.02],
            [0.215,0.392,0.239,0.141,0.013],
    ],
    '3': [
            [0.15,0.44,0.336,0.062,0.012],
            [0.239,0.501,0.198,0.046,0.017],
            [0.081,0.356,0.407,0.141,0.015],
            [0.113,0.426,0.328,0.105,0.027],
            [0.111,0.391,0.37,0.105,0.022],
            [0.087,0.295,0.399,0.197,0.021],
    ],
    '4': [
            [0.029,0.147,0.46,0.343,0.021],
            [0.052,0.229,0.445,0.258,0.017],
            [0.024,0.087,0.405,0.456,0.027],
            [0.04,0.103,0.417,0.394,0.046],
            [0.033,0.129,0.419,0.38,0.038],
            [0.031,0.094,0.338,0.513,0.024],
    ],
    '5': [
            [0.26,0.2,0.13,0.09,0.02,0.07,0.05,0.09,0.03,0.06],
            [0.17,0.16,0.18,0.03,0.02,0.05,0.07,0.2,0.04,0.07],
            [0.4,0.1,0.08,0.11,0.1,0.1,0.02,0.01,0.04,0.03],
            [0.32,0.13,0.15,0.06,0.1,0.08,0.08,0.04,0.03,0.01],
            [0.28,0.09,0.18,0.19,0.03,0.07,0.03,0.05,0.04,0.03],
            [0.33,0.07,0.08,0.17,0.1,0.13,0.04,0.02,0.04,0.02],
    ],
    '6': [
            [0.42,0.58],
            [0.26,0.74],
            [0.61,0.39],
            [0.59,0.41],
            [0.59,0.41],
            [0.76,0.24],
    ],
    '7': [
        [0.239057239,0.396184063,0.149270483,0.215488215],
        [0.216216216,0.542619543,0.0997921,0.141372141],
        [0.298969072,0.163230241,0.290378007,0.24742268],
        [0.338947368,0.227368421,0.233684211,0.2],
        [0.328507795,0.203786192,0.212694878,0.255011136],
        [0.308016878,0.11814346,0.309423347,0.264416315],
    ]
}